{
 "cells": [
  {
   "cell_type": "code",
   "execution_count": 1,
   "metadata": {},
   "outputs": [],
   "source": [
    "import numpy as np\n",
    "import pandas as pd\n",
    "import matplotlib.pyplot as plt\n",
    "import datetime as dt\n",
    "from salishsea_tools import evaltools as et, viz_tools\n",
    "import os\n",
    "import datetime as dt\n",
    "import gsw\n",
    "import matplotlib.gridspec as gridspec\n",
    "import matplotlib as mpl\n",
    "import matplotlib.dates as mdates\n",
    "import cmocean as cmo\n",
    "import scipy.interpolate as sinterp\n",
    "import cmocean\n",
    "import json\n",
    "import f90nml\n",
    "import seaborn as sns\n",
    "from collections import OrderedDict\n",
    "from scipy.stats.mstats import gmean\n",
    "from scipy import stats\n",
    "from sklearn.decomposition import PCA\n",
    "import statsmodels.api as sm\n",
    "from sklearn.preprocessing import StandardScaler\n",
    "from statsmodels.sandbox.stats.multicomp import multipletests\n",
    "#from bioinfokit.analys import get_data\n",
    "import numpy as np\n",
    "import pandas as pd\n",
    "#from statannotations.Annotator import Annotator\n",
    "import time\n",
    "import itertools\n",
    "\n",
    "\n",
    "fs=16\n",
    "mpl.rc('xtick', labelsize=fs)\n",
    "mpl.rc('ytick', labelsize=fs)\n",
    "mpl.rc('legend', fontsize=fs)\n",
    "mpl.rc('axes', titlesize=fs)\n",
    "mpl.rc('axes', labelsize=fs)\n",
    "mpl.rc('figure', titlesize=fs)\n",
    "mpl.rc('font', size=fs)\n",
    "mpl.rc('font', family='sans-serif', weight='normal', style='normal')\n",
    "\n",
    "import warnings\n",
    "#warnings.filterwarnings('ignore')\n",
    "from IPython.display import Markdown, display\n",
    "\n",
    "\n",
    "\n",
    "%matplotlib inline\n",
    "\n"
   ]
  },
  {
   "cell_type": "code",
   "execution_count": 2,
   "metadata": {},
   "outputs": [],
   "source": [
    "Central=pd.read_excel('/ocean/ksuchy/MOAD/analysis-karyn/notebooks/MHW/CentralSoG_HeatMapCorrelations.xlsx',engine='openpyxl')"
   ]
  },
  {
   "cell_type": "code",
   "execution_count": 3,
   "metadata": {},
   "outputs": [
    {
     "data": {
      "text/html": [
       "<div>\n",
       "<style scoped>\n",
       "    .dataframe tbody tr th:only-of-type {\n",
       "        vertical-align: middle;\n",
       "    }\n",
       "\n",
       "    .dataframe tbody tr th {\n",
       "        vertical-align: top;\n",
       "    }\n",
       "\n",
       "    .dataframe thead th {\n",
       "        text-align: right;\n",
       "    }\n",
       "</style>\n",
       "<table border=\"1\" class=\"dataframe\">\n",
       "  <thead>\n",
       "    <tr style=\"text-align: right;\">\n",
       "      <th></th>\n",
       "      <th>Year</th>\n",
       "      <th>Temp</th>\n",
       "      <th>Diatoms</th>\n",
       "      <th>Nanoflag</th>\n",
       "      <th>Salinity</th>\n",
       "      <th>Halocline</th>\n",
       "      <th>Euphausiids</th>\n",
       "      <th>Large_Calanoids</th>\n",
       "      <th>Med_Calanoids</th>\n",
       "      <th>Larvaceans</th>\n",
       "      <th>Chaetognaths</th>\n",
       "      <th>Ctenophores</th>\n",
       "    </tr>\n",
       "  </thead>\n",
       "  <tbody>\n",
       "    <tr>\n",
       "      <th>0</th>\n",
       "      <td>2007</td>\n",
       "      <td>10.130163</td>\n",
       "      <td>0.525417</td>\n",
       "      <td>0.392837</td>\n",
       "      <td>27.723134</td>\n",
       "      <td>1.098655</td>\n",
       "      <td>10.848705</td>\n",
       "      <td>10.157284</td>\n",
       "      <td>21.920420</td>\n",
       "      <td>3.611386</td>\n",
       "      <td>4.700437</td>\n",
       "      <td>3.443071</td>\n",
       "    </tr>\n",
       "    <tr>\n",
       "      <th>1</th>\n",
       "      <td>2008</td>\n",
       "      <td>9.847017</td>\n",
       "      <td>0.633651</td>\n",
       "      <td>0.384602</td>\n",
       "      <td>28.352335</td>\n",
       "      <td>1.317493</td>\n",
       "      <td>33.781815</td>\n",
       "      <td>3.435171</td>\n",
       "      <td>9.653368</td>\n",
       "      <td>1.293623</td>\n",
       "      <td>18.821915</td>\n",
       "      <td>0.509557</td>\n",
       "    </tr>\n",
       "    <tr>\n",
       "      <th>2</th>\n",
       "      <td>2009</td>\n",
       "      <td>9.948742</td>\n",
       "      <td>0.587538</td>\n",
       "      <td>0.446601</td>\n",
       "      <td>28.633451</td>\n",
       "      <td>1.053774</td>\n",
       "      <td>18.052020</td>\n",
       "      <td>2.594187</td>\n",
       "      <td>19.703810</td>\n",
       "      <td>11.357939</td>\n",
       "      <td>17.041778</td>\n",
       "      <td>0.546557</td>\n",
       "    </tr>\n",
       "    <tr>\n",
       "      <th>3</th>\n",
       "      <td>2010</td>\n",
       "      <td>10.131540</td>\n",
       "      <td>0.564632</td>\n",
       "      <td>0.411210</td>\n",
       "      <td>28.101097</td>\n",
       "      <td>0.933935</td>\n",
       "      <td>34.247171</td>\n",
       "      <td>5.227542</td>\n",
       "      <td>11.689161</td>\n",
       "      <td>1.711984</td>\n",
       "      <td>14.346852</td>\n",
       "      <td>8.252776</td>\n",
       "    </tr>\n",
       "    <tr>\n",
       "      <th>4</th>\n",
       "      <td>2011</td>\n",
       "      <td>9.781198</td>\n",
       "      <td>0.513584</td>\n",
       "      <td>0.383201</td>\n",
       "      <td>27.660227</td>\n",
       "      <td>1.176562</td>\n",
       "      <td>13.506061</td>\n",
       "      <td>37.324435</td>\n",
       "      <td>10.010018</td>\n",
       "      <td>1.457950</td>\n",
       "      <td>5.114670</td>\n",
       "      <td>2.428430</td>\n",
       "    </tr>\n",
       "    <tr>\n",
       "      <th>5</th>\n",
       "      <td>2012</td>\n",
       "      <td>9.611432</td>\n",
       "      <td>0.552724</td>\n",
       "      <td>0.377186</td>\n",
       "      <td>27.581353</td>\n",
       "      <td>1.113016</td>\n",
       "      <td>9.438730</td>\n",
       "      <td>6.203850</td>\n",
       "      <td>13.148693</td>\n",
       "      <td>33.523573</td>\n",
       "      <td>5.059853</td>\n",
       "      <td>3.634159</td>\n",
       "    </tr>\n",
       "    <tr>\n",
       "      <th>6</th>\n",
       "      <td>2013</td>\n",
       "      <td>10.033374</td>\n",
       "      <td>0.551155</td>\n",
       "      <td>0.378415</td>\n",
       "      <td>27.936856</td>\n",
       "      <td>1.116810</td>\n",
       "      <td>12.387786</td>\n",
       "      <td>32.603571</td>\n",
       "      <td>11.413901</td>\n",
       "      <td>16.424863</td>\n",
       "      <td>2.959546</td>\n",
       "      <td>2.139992</td>\n",
       "    </tr>\n",
       "    <tr>\n",
       "      <th>7</th>\n",
       "      <td>2014</td>\n",
       "      <td>10.331742</td>\n",
       "      <td>0.504860</td>\n",
       "      <td>0.432929</td>\n",
       "      <td>27.931495</td>\n",
       "      <td>0.824409</td>\n",
       "      <td>8.237520</td>\n",
       "      <td>5.206008</td>\n",
       "      <td>23.365692</td>\n",
       "      <td>1.895943</td>\n",
       "      <td>7.948150</td>\n",
       "      <td>2.097419</td>\n",
       "    </tr>\n",
       "    <tr>\n",
       "      <th>8</th>\n",
       "      <td>2015</td>\n",
       "      <td>10.594826</td>\n",
       "      <td>0.529697</td>\n",
       "      <td>0.459943</td>\n",
       "      <td>27.987306</td>\n",
       "      <td>1.207461</td>\n",
       "      <td>20.847402</td>\n",
       "      <td>7.287422</td>\n",
       "      <td>20.058857</td>\n",
       "      <td>4.594755</td>\n",
       "      <td>11.819020</td>\n",
       "      <td>2.839532</td>\n",
       "    </tr>\n",
       "    <tr>\n",
       "      <th>9</th>\n",
       "      <td>2016</td>\n",
       "      <td>10.359586</td>\n",
       "      <td>0.529819</td>\n",
       "      <td>0.417567</td>\n",
       "      <td>27.827481</td>\n",
       "      <td>1.132614</td>\n",
       "      <td>9.910907</td>\n",
       "      <td>3.725869</td>\n",
       "      <td>13.935365</td>\n",
       "      <td>6.214129</td>\n",
       "      <td>5.851626</td>\n",
       "      <td>15.034249</td>\n",
       "    </tr>\n",
       "    <tr>\n",
       "      <th>10</th>\n",
       "      <td>2017</td>\n",
       "      <td>9.896421</td>\n",
       "      <td>0.496023</td>\n",
       "      <td>0.404461</td>\n",
       "      <td>27.693433</td>\n",
       "      <td>0.955073</td>\n",
       "      <td>12.668848</td>\n",
       "      <td>6.938506</td>\n",
       "      <td>13.982861</td>\n",
       "      <td>9.111146</td>\n",
       "      <td>9.068999</td>\n",
       "      <td>5.213178</td>\n",
       "    </tr>\n",
       "    <tr>\n",
       "      <th>11</th>\n",
       "      <td>2018</td>\n",
       "      <td>10.262770</td>\n",
       "      <td>0.518280</td>\n",
       "      <td>0.433275</td>\n",
       "      <td>27.988871</td>\n",
       "      <td>0.898992</td>\n",
       "      <td>25.418897</td>\n",
       "      <td>9.235800</td>\n",
       "      <td>15.408803</td>\n",
       "      <td>3.628227</td>\n",
       "      <td>5.728424</td>\n",
       "      <td>2.540929</td>\n",
       "    </tr>\n",
       "    <tr>\n",
       "      <th>12</th>\n",
       "      <td>2019</td>\n",
       "      <td>10.225874</td>\n",
       "      <td>0.550146</td>\n",
       "      <td>0.392624</td>\n",
       "      <td>28.225092</td>\n",
       "      <td>1.112283</td>\n",
       "      <td>20.527423</td>\n",
       "      <td>9.384134</td>\n",
       "      <td>18.220393</td>\n",
       "      <td>2.184653</td>\n",
       "      <td>14.243402</td>\n",
       "      <td>0.932109</td>\n",
       "    </tr>\n",
       "    <tr>\n",
       "      <th>13</th>\n",
       "      <td>2020</td>\n",
       "      <td>10.151338</td>\n",
       "      <td>0.537345</td>\n",
       "      <td>0.374978</td>\n",
       "      <td>27.627722</td>\n",
       "      <td>1.247301</td>\n",
       "      <td>21.100269</td>\n",
       "      <td>13.391197</td>\n",
       "      <td>17.202333</td>\n",
       "      <td>1.670061</td>\n",
       "      <td>9.086834</td>\n",
       "      <td>7.935625</td>\n",
       "    </tr>\n",
       "    <tr>\n",
       "      <th>14</th>\n",
       "      <td>2021</td>\n",
       "      <td>10.051218</td>\n",
       "      <td>0.532856</td>\n",
       "      <td>0.397411</td>\n",
       "      <td>27.680316</td>\n",
       "      <td>0.890549</td>\n",
       "      <td>8.882413</td>\n",
       "      <td>21.348565</td>\n",
       "      <td>15.113128</td>\n",
       "      <td>4.393808</td>\n",
       "      <td>7.774348</td>\n",
       "      <td>2.390341</td>\n",
       "    </tr>\n",
       "    <tr>\n",
       "      <th>15</th>\n",
       "      <td>2022</td>\n",
       "      <td>9.949033</td>\n",
       "      <td>0.520511</td>\n",
       "      <td>0.345640</td>\n",
       "      <td>27.501992</td>\n",
       "      <td>0.875390</td>\n",
       "      <td>20.499036</td>\n",
       "      <td>13.265683</td>\n",
       "      <td>13.006368</td>\n",
       "      <td>11.106603</td>\n",
       "      <td>12.960700</td>\n",
       "      <td>5.628780</td>\n",
       "    </tr>\n",
       "  </tbody>\n",
       "</table>\n",
       "</div>"
      ],
      "text/plain": [
       "    Year       Temp   Diatoms  Nanoflag   Salinity  Halocline  Euphausiids  \\\n",
       "0   2007  10.130163  0.525417  0.392837  27.723134   1.098655    10.848705   \n",
       "1   2008   9.847017  0.633651  0.384602  28.352335   1.317493    33.781815   \n",
       "2   2009   9.948742  0.587538  0.446601  28.633451   1.053774    18.052020   \n",
       "3   2010  10.131540  0.564632  0.411210  28.101097   0.933935    34.247171   \n",
       "4   2011   9.781198  0.513584  0.383201  27.660227   1.176562    13.506061   \n",
       "5   2012   9.611432  0.552724  0.377186  27.581353   1.113016     9.438730   \n",
       "6   2013  10.033374  0.551155  0.378415  27.936856   1.116810    12.387786   \n",
       "7   2014  10.331742  0.504860  0.432929  27.931495   0.824409     8.237520   \n",
       "8   2015  10.594826  0.529697  0.459943  27.987306   1.207461    20.847402   \n",
       "9   2016  10.359586  0.529819  0.417567  27.827481   1.132614     9.910907   \n",
       "10  2017   9.896421  0.496023  0.404461  27.693433   0.955073    12.668848   \n",
       "11  2018  10.262770  0.518280  0.433275  27.988871   0.898992    25.418897   \n",
       "12  2019  10.225874  0.550146  0.392624  28.225092   1.112283    20.527423   \n",
       "13  2020  10.151338  0.537345  0.374978  27.627722   1.247301    21.100269   \n",
       "14  2021  10.051218  0.532856  0.397411  27.680316   0.890549     8.882413   \n",
       "15  2022   9.949033  0.520511  0.345640  27.501992   0.875390    20.499036   \n",
       "\n",
       "    Large_Calanoids  Med_Calanoids  Larvaceans  Chaetognaths  Ctenophores  \n",
       "0         10.157284      21.920420    3.611386      4.700437     3.443071  \n",
       "1          3.435171       9.653368    1.293623     18.821915     0.509557  \n",
       "2          2.594187      19.703810   11.357939     17.041778     0.546557  \n",
       "3          5.227542      11.689161    1.711984     14.346852     8.252776  \n",
       "4         37.324435      10.010018    1.457950      5.114670     2.428430  \n",
       "5          6.203850      13.148693   33.523573      5.059853     3.634159  \n",
       "6         32.603571      11.413901   16.424863      2.959546     2.139992  \n",
       "7          5.206008      23.365692    1.895943      7.948150     2.097419  \n",
       "8          7.287422      20.058857    4.594755     11.819020     2.839532  \n",
       "9          3.725869      13.935365    6.214129      5.851626    15.034249  \n",
       "10         6.938506      13.982861    9.111146      9.068999     5.213178  \n",
       "11         9.235800      15.408803    3.628227      5.728424     2.540929  \n",
       "12         9.384134      18.220393    2.184653     14.243402     0.932109  \n",
       "13        13.391197      17.202333    1.670061      9.086834     7.935625  \n",
       "14        21.348565      15.113128    4.393808      7.774348     2.390341  \n",
       "15        13.265683      13.006368   11.106603     12.960700     5.628780  "
      ]
     },
     "execution_count": 3,
     "metadata": {},
     "output_type": "execute_result"
    }
   ],
   "source": [
    "Central"
   ]
  },
  {
   "cell_type": "code",
   "execution_count": 4,
   "metadata": {},
   "outputs": [
    {
     "data": {
      "text/plain": [
       "Index(['Year', 'Temp', 'Diatoms', 'Nanoflag', 'Salinity', 'Halocline',\n",
       "       'Euphausiids', 'Large_Calanoids', 'Med_Calanoids', 'Larvaceans',\n",
       "       'Chaetognaths', 'Ctenophores'],\n",
       "      dtype='object')"
      ]
     },
     "execution_count": 4,
     "metadata": {},
     "output_type": "execute_result"
    }
   ],
   "source": [
    "Central.keys()"
   ]
  },
  {
   "cell_type": "code",
   "execution_count": 5,
   "metadata": {},
   "outputs": [],
   "source": [
    "Central.drop(labels=['Year','Halocline'],axis=1,inplace=True)"
   ]
  },
  {
   "cell_type": "code",
   "execution_count": 6,
   "metadata": {},
   "outputs": [],
   "source": [
    "#Phen.rename(columns={'Wind (Jan-May)':'Wind','PAR (Feb-May)':'PAR','SSS (Jan-May)':'SSS','SpringSST':'SST','Fraser Peak Discharge':'Fraser River Discharge','Bloom_Start':'Bloom Initiation','Bloom_Intensity':'Bloom Intensity','Bloom_Magnitude':'Bloom Magnitude'},inplace=True)"
   ]
  },
  {
   "cell_type": "code",
   "execution_count": 7,
   "metadata": {},
   "outputs": [
    {
     "data": {
      "text/html": [
       "<div>\n",
       "<style scoped>\n",
       "    .dataframe tbody tr th:only-of-type {\n",
       "        vertical-align: middle;\n",
       "    }\n",
       "\n",
       "    .dataframe tbody tr th {\n",
       "        vertical-align: top;\n",
       "    }\n",
       "\n",
       "    .dataframe thead th {\n",
       "        text-align: right;\n",
       "    }\n",
       "</style>\n",
       "<table border=\"1\" class=\"dataframe\">\n",
       "  <thead>\n",
       "    <tr style=\"text-align: right;\">\n",
       "      <th></th>\n",
       "      <th>Temp</th>\n",
       "      <th>Diatoms</th>\n",
       "      <th>Nanoflag</th>\n",
       "      <th>Salinity</th>\n",
       "      <th>Euphausiids</th>\n",
       "      <th>Large_Calanoids</th>\n",
       "      <th>Med_Calanoids</th>\n",
       "      <th>Larvaceans</th>\n",
       "      <th>Chaetognaths</th>\n",
       "      <th>Ctenophores</th>\n",
       "    </tr>\n",
       "  </thead>\n",
       "  <tbody>\n",
       "    <tr>\n",
       "      <th>Temp</th>\n",
       "      <td>0.060380</td>\n",
       "      <td>-0.002331</td>\n",
       "      <td>0.004534</td>\n",
       "      <td>0.012813</td>\n",
       "      <td>0.135321</td>\n",
       "      <td>-0.650572</td>\n",
       "      <td>0.591769</td>\n",
       "      <td>-1.079493</td>\n",
       "      <td>-0.001726</td>\n",
       "      <td>0.224561</td>\n",
       "    </tr>\n",
       "    <tr>\n",
       "      <th>Diatoms</th>\n",
       "      <td>-0.002331</td>\n",
       "      <td>0.001148</td>\n",
       "      <td>-0.000050</td>\n",
       "      <td>0.007111</td>\n",
       "      <td>0.162618</td>\n",
       "      <td>-0.091146</td>\n",
       "      <td>-0.041992</td>\n",
       "      <td>0.018415</td>\n",
       "      <td>0.104652</td>\n",
       "      <td>-0.031992</td>\n",
       "    </tr>\n",
       "    <tr>\n",
       "      <th>Nanoflag</th>\n",
       "      <td>0.004534</td>\n",
       "      <td>-0.000050</td>\n",
       "      <td>0.000903</td>\n",
       "      <td>0.004986</td>\n",
       "      <td>0.008145</td>\n",
       "      <td>-0.131476</td>\n",
       "      <td>0.066701</td>\n",
       "      <td>-0.062695</td>\n",
       "      <td>0.019986</td>\n",
       "      <td>-0.008372</td>\n",
       "    </tr>\n",
       "    <tr>\n",
       "      <th>Salinity</th>\n",
       "      <td>0.012813</td>\n",
       "      <td>0.007111</td>\n",
       "      <td>0.004986</td>\n",
       "      <td>0.095028</td>\n",
       "      <td>1.240446</td>\n",
       "      <td>-1.218110</td>\n",
       "      <td>0.201009</td>\n",
       "      <td>-0.590475</td>\n",
       "      <td>0.974902</td>\n",
       "      <td>-0.429574</td>\n",
       "    </tr>\n",
       "    <tr>\n",
       "      <th>Euphausiids</th>\n",
       "      <td>0.135321</td>\n",
       "      <td>0.162618</td>\n",
       "      <td>0.008145</td>\n",
       "      <td>1.240446</td>\n",
       "      <td>69.546556</td>\n",
       "      <td>-24.841224</td>\n",
       "      <td>-11.101208</td>\n",
       "      <td>-25.809195</td>\n",
       "      <td>27.728686</td>\n",
       "      <td>-1.926031</td>\n",
       "    </tr>\n",
       "    <tr>\n",
       "      <th>Large_Calanoids</th>\n",
       "      <td>-0.650572</td>\n",
       "      <td>-0.091146</td>\n",
       "      <td>-0.131476</td>\n",
       "      <td>-1.218110</td>\n",
       "      <td>-24.841224</td>\n",
       "      <td>105.134446</td>\n",
       "      <td>-16.712887</td>\n",
       "      <td>-0.810429</td>\n",
       "      <td>-25.133845</td>\n",
       "      <td>-7.695960</td>\n",
       "    </tr>\n",
       "    <tr>\n",
       "      <th>Med_Calanoids</th>\n",
       "      <td>0.591769</td>\n",
       "      <td>-0.041992</td>\n",
       "      <td>0.066701</td>\n",
       "      <td>0.201009</td>\n",
       "      <td>-11.101208</td>\n",
       "      <td>-16.712887</td>\n",
       "      <td>17.602611</td>\n",
       "      <td>-6.968799</td>\n",
       "      <td>-0.101802</td>\n",
       "      <td>-2.740040</td>\n",
       "    </tr>\n",
       "    <tr>\n",
       "      <th>Larvaceans</th>\n",
       "      <td>-1.079493</td>\n",
       "      <td>0.018415</td>\n",
       "      <td>-0.062695</td>\n",
       "      <td>-0.590475</td>\n",
       "      <td>-25.809195</td>\n",
       "      <td>-0.810429</td>\n",
       "      <td>-6.968799</td>\n",
       "      <td>69.151833</td>\n",
       "      <td>-11.319095</td>\n",
       "      <td>-1.231972</td>\n",
       "    </tr>\n",
       "    <tr>\n",
       "      <th>Chaetognaths</th>\n",
       "      <td>-0.001726</td>\n",
       "      <td>0.104652</td>\n",
       "      <td>0.019986</td>\n",
       "      <td>0.974902</td>\n",
       "      <td>27.728686</td>\n",
       "      <td>-25.133845</td>\n",
       "      <td>-0.101802</td>\n",
       "      <td>-11.319095</td>\n",
       "      <td>23.009513</td>\n",
       "      <td>-3.829773</td>\n",
       "    </tr>\n",
       "    <tr>\n",
       "      <th>Ctenophores</th>\n",
       "      <td>0.224561</td>\n",
       "      <td>-0.031992</td>\n",
       "      <td>-0.008372</td>\n",
       "      <td>-0.429574</td>\n",
       "      <td>-1.926031</td>\n",
       "      <td>-7.695960</td>\n",
       "      <td>-2.740040</td>\n",
       "      <td>-1.231972</td>\n",
       "      <td>-3.829773</td>\n",
       "      <td>13.925499</td>\n",
       "    </tr>\n",
       "  </tbody>\n",
       "</table>\n",
       "</div>"
      ],
      "text/plain": [
       "                     Temp   Diatoms  Nanoflag  Salinity  Euphausiids  \\\n",
       "Temp             0.060380 -0.002331  0.004534  0.012813     0.135321   \n",
       "Diatoms         -0.002331  0.001148 -0.000050  0.007111     0.162618   \n",
       "Nanoflag         0.004534 -0.000050  0.000903  0.004986     0.008145   \n",
       "Salinity         0.012813  0.007111  0.004986  0.095028     1.240446   \n",
       "Euphausiids      0.135321  0.162618  0.008145  1.240446    69.546556   \n",
       "Large_Calanoids -0.650572 -0.091146 -0.131476 -1.218110   -24.841224   \n",
       "Med_Calanoids    0.591769 -0.041992  0.066701  0.201009   -11.101208   \n",
       "Larvaceans      -1.079493  0.018415 -0.062695 -0.590475   -25.809195   \n",
       "Chaetognaths    -0.001726  0.104652  0.019986  0.974902    27.728686   \n",
       "Ctenophores      0.224561 -0.031992 -0.008372 -0.429574    -1.926031   \n",
       "\n",
       "                 Large_Calanoids  Med_Calanoids  Larvaceans  Chaetognaths  \\\n",
       "Temp                   -0.650572       0.591769   -1.079493     -0.001726   \n",
       "Diatoms                -0.091146      -0.041992    0.018415      0.104652   \n",
       "Nanoflag               -0.131476       0.066701   -0.062695      0.019986   \n",
       "Salinity               -1.218110       0.201009   -0.590475      0.974902   \n",
       "Euphausiids           -24.841224     -11.101208  -25.809195     27.728686   \n",
       "Large_Calanoids       105.134446     -16.712887   -0.810429    -25.133845   \n",
       "Med_Calanoids         -16.712887      17.602611   -6.968799     -0.101802   \n",
       "Larvaceans             -0.810429      -6.968799   69.151833    -11.319095   \n",
       "Chaetognaths          -25.133845      -0.101802  -11.319095     23.009513   \n",
       "Ctenophores            -7.695960      -2.740040   -1.231972     -3.829773   \n",
       "\n",
       "                 Ctenophores  \n",
       "Temp                0.224561  \n",
       "Diatoms            -0.031992  \n",
       "Nanoflag           -0.008372  \n",
       "Salinity           -0.429574  \n",
       "Euphausiids        -1.926031  \n",
       "Large_Calanoids    -7.695960  \n",
       "Med_Calanoids      -2.740040  \n",
       "Larvaceans         -1.231972  \n",
       "Chaetognaths       -3.829773  \n",
       "Ctenophores        13.925499  "
      ]
     },
     "execution_count": 7,
     "metadata": {},
     "output_type": "execute_result"
    }
   ],
   "source": [
    "Central.cov()"
   ]
  },
  {
   "cell_type": "raw",
   "metadata": {},
   "source": [
    "def corr_sig(Phen=None):\n",
    "    p_matrix = np.zeros(shape=(Phen.shape[1],Phen.shape[1]))\n",
    "    for col in Phen.columns:\n",
    "        for col2 in Phen.drop(col,axis=1).columns:\n",
    "            _ , p = stats.pearsonr(Phen[col],Phen[col2])\n",
    "            p_matrix[Phen.columns.to_list().index(col),Phen.columns.to_list().index(col2)] = p\n",
    "    return p_matrix"
   ]
  },
  {
   "cell_type": "code",
   "execution_count": 8,
   "metadata": {},
   "outputs": [],
   "source": [
    "def annot(cor,p):\n",
    "    if p<0.01:\n",
    "        istr=f'{cor:.2f}**'\n",
    "    elif p<0.05:\n",
    "        istr=f'{cor:.2f}*'\n",
    "    else:\n",
    "        istr=f'{cor:.2f}'\n",
    "    return istr"
   ]
  },
  {
   "cell_type": "code",
   "execution_count": 9,
   "metadata": {},
   "outputs": [],
   "source": [
    "def getPearsonR(idf):\n",
    "    ll=np.shape(idf)[1]\n",
    "    cors=np.empty((ll,ll))\n",
    "    ps=np.empty((ll,ll))\n",
    "    nots=np.empty((ll,ll),dtype=\"<U10\")\n",
    "    for ii in range(0,ll):\n",
    "        for jj in range(0,ll):\n",
    "            cors[ii,jj],ps[ii,jj]=stats.pearsonr(idf.iloc[:,ii],idf.iloc[:,jj])\n",
    "    for ii in range(0,ll):\n",
    "        for jj in range(0,ll):\n",
    "            nots[ii,jj]=annot(cors[ii,jj],ps[ii,jj])\n",
    "    for ii in range (0,ll):\n",
    "        nots[ii,ii]=\"\"\n",
    "    return cors,ps,nots"
   ]
  },
  {
   "cell_type": "code",
   "execution_count": 10,
   "metadata": {},
   "outputs": [],
   "source": [
    "icor,ip,inot=getPearsonR(Central) #icor = correlation, ip = pvalue, inot=annotation"
   ]
  },
  {
   "cell_type": "code",
   "execution_count": 11,
   "metadata": {},
   "outputs": [
    {
     "data": {
      "text/plain": [
       "array([[0.00000000e+000, 2.93564256e-001, 1.13867154e-002,\n",
       "        5.31140543e-001, 8.08019615e-001, 3.34255665e-001,\n",
       "        2.00632050e-002, 3.54114708e-002, 9.95704540e-001,\n",
       "        3.60634916e-001],\n",
       "       [2.93564256e-001, 0.00000000e+000, 8.56040204e-001,\n",
       "        3.69824831e-003, 1.96670645e-002, 3.26287979e-001,\n",
       "        2.66678350e-001, 8.09956452e-001, 7.10822254e-003,\n",
       "        3.44413730e-001],\n",
       "       [1.13867154e-002, 8.56040204e-001, 0.00000000e+000,\n",
       "        3.14867221e-002, 9.04880044e-001, 9.92542447e-002,\n",
       "        3.50758104e-002, 3.48570390e-001, 6.08543029e-001,\n",
       "        7.83442533e-001],\n",
       "       [5.31140543e-001, 3.69824831e-003, 3.14867221e-002,\n",
       "        0.00000000e+000, 5.83603538e-002, 1.40450096e-001,\n",
       "        5.65459459e-001, 3.90750879e-001, 5.46604210e-003,\n",
       "        1.54244628e-001],\n",
       "       [8.08019615e-001, 1.96670645e-002, 9.04880044e-001,\n",
       "        5.83603538e-002, 5.57453849e-111, 2.75035314e-001,\n",
       "        2.31141226e-001, 1.55753175e-001, 2.90811454e-003,\n",
       "        8.19882979e-001],\n",
       "       [3.34255665e-001, 3.26287979e-001, 9.92542447e-002,\n",
       "        1.40450096e-001, 2.75035314e-001, 0.00000000e+000,\n",
       "        1.36991163e-001, 9.72131246e-001, 4.30805751e-002,\n",
       "        4.55089113e-001],\n",
       "       [2.00632050e-002, 2.66678350e-001, 3.50758104e-002,\n",
       "        5.65459459e-001, 2.31141226e-001, 1.36991163e-001,\n",
       "        5.57453849e-111, 4.58282312e-001, 9.85166351e-001,\n",
       "        5.16798918e-001],\n",
       "       [3.54114708e-002, 8.09956452e-001, 3.48570390e-001,\n",
       "        3.90750879e-001, 1.55753175e-001, 9.72131246e-001,\n",
       "        4.58282312e-001, 7.13540926e-109, 2.86844014e-001,\n",
       "        8.83940409e-001],\n",
       "       [9.95704540e-001, 7.10822254e-003, 6.08543029e-001,\n",
       "        5.46604210e-003, 2.90811454e-003, 4.30805751e-002,\n",
       "        9.85166351e-001, 2.86844014e-001, 5.57453849e-111,\n",
       "        4.26229165e-001],\n",
       "       [3.60634916e-001, 3.44413730e-001, 7.83442533e-001,\n",
       "        1.54244628e-001, 8.19882979e-001, 4.55089113e-001,\n",
       "        5.16798918e-001, 8.83940409e-001, 4.26229165e-001,\n",
       "        0.00000000e+000]])"
      ]
     },
     "execution_count": 11,
     "metadata": {},
     "output_type": "execute_result"
    }
   ],
   "source": [
    "ip"
   ]
  },
  {
   "cell_type": "code",
   "execution_count": 12,
   "metadata": {},
   "outputs": [
    {
     "data": {
      "text/plain": [
       "array([[ 1.        , -0.27999738,  0.61407757,  0.16915303,  0.06603602,\n",
       "        -0.25821245,  0.5740079 , -0.52829012, -0.00146473,  0.24489684],\n",
       "       [-0.27999738,  1.        , -0.04932837,  0.68075796,  0.57550581,\n",
       "        -0.26235124, -0.29539315,  0.06535821,  0.64389111, -0.25301689],\n",
       "       [ 0.61407757, -0.04932837,  1.        ,  0.53825257,  0.03250375,\n",
       "        -0.42674929,  0.52910844, -0.25091598,  0.13866535, -0.07467018],\n",
       "       [ 0.16915303,  0.68075796,  0.53825257,  1.        ,  0.48251779,\n",
       "        -0.38537828,  0.15541719, -0.230342  ,  0.65929599, -0.37342682],\n",
       "       [ 0.06603602,  0.57550581,  0.03250375,  0.48251779,  1.        ,\n",
       "        -0.29051105, -0.31728085, -0.37216437,  0.69316681, -0.06188993],\n",
       "       [-0.25821245, -0.26235124, -0.42674929, -0.38537828, -0.29051105,\n",
       "         1.        , -0.38849945, -0.00950475, -0.51101389, -0.20113372],\n",
       "       [ 0.5740079 , -0.29539315,  0.52910844,  0.15541719, -0.31728085,\n",
       "        -0.38849945,  1.        , -0.19974114, -0.00505842, -0.17501004],\n",
       "       [-0.52829012,  0.06535821, -0.25091598, -0.230342  , -0.37216437,\n",
       "        -0.00950475, -0.19974114,  1.        , -0.28376324, -0.03970028],\n",
       "       [-0.00146473,  0.64389111,  0.13866535,  0.65929599,  0.69316681,\n",
       "        -0.51101389, -0.00505842, -0.28376324,  1.        , -0.21395083],\n",
       "       [ 0.24489684, -0.25301689, -0.07467018, -0.37342682, -0.06188993,\n",
       "        -0.20113372, -0.17501004, -0.03970028, -0.21395083,  1.        ]])"
      ]
     },
     "execution_count": 12,
     "metadata": {},
     "output_type": "execute_result"
    }
   ],
   "source": [
    "icor"
   ]
  },
  {
   "cell_type": "code",
   "execution_count": 13,
   "metadata": {},
   "outputs": [
    {
     "data": {
      "text/plain": [
       "array([['', '-0.28', '0.61*', '0.17', '0.07', '-0.26', '0.57*', '-0.53*',\n",
       "        '-0.00', '0.24'],\n",
       "       ['-0.28', '', '-0.05', '0.68**', '0.58*', '-0.26', '-0.30',\n",
       "        '0.07', '0.64**', '-0.25'],\n",
       "       ['0.61*', '-0.05', '', '0.54*', '0.03', '-0.43', '0.53*', '-0.25',\n",
       "        '0.14', '-0.07'],\n",
       "       ['0.17', '0.68**', '0.54*', '', '0.48', '-0.39', '0.16', '-0.23',\n",
       "        '0.66**', '-0.37'],\n",
       "       ['0.07', '0.58*', '0.03', '0.48', '', '-0.29', '-0.32', '-0.37',\n",
       "        '0.69**', '-0.06'],\n",
       "       ['-0.26', '-0.26', '-0.43', '-0.39', '-0.29', '', '-0.39',\n",
       "        '-0.01', '-0.51*', '-0.20'],\n",
       "       ['0.57*', '-0.30', '0.53*', '0.16', '-0.32', '-0.39', '', '-0.20',\n",
       "        '-0.01', '-0.18'],\n",
       "       ['-0.53*', '0.07', '-0.25', '-0.23', '-0.37', '-0.01', '-0.20',\n",
       "        '', '-0.28', '-0.04'],\n",
       "       ['-0.00', '0.64**', '0.14', '0.66**', '0.69**', '-0.51*', '-0.01',\n",
       "        '-0.28', '', '-0.21'],\n",
       "       ['0.24', '-0.25', '-0.07', '-0.37', '-0.06', '-0.20', '-0.18',\n",
       "        '-0.04', '-0.21', '']], dtype='<U10')"
      ]
     },
     "execution_count": 13,
     "metadata": {},
     "output_type": "execute_result"
    }
   ],
   "source": [
    "inot"
   ]
  },
  {
   "cell_type": "code",
   "execution_count": 14,
   "metadata": {},
   "outputs": [
    {
     "data": {
      "text/plain": [
       "(16, 10)"
      ]
     },
     "execution_count": 14,
     "metadata": {},
     "output_type": "execute_result"
    }
   ],
   "source": [
    "np.shape(Central)"
   ]
  },
  {
   "cell_type": "code",
   "execution_count": null,
   "metadata": {},
   "outputs": [],
   "source": []
  },
  {
   "cell_type": "code",
   "execution_count": 15,
   "metadata": {},
   "outputs": [
    {
     "data": {
      "text/plain": [
       "Text(0.5, 1.0, 'Central Strait of Georgia')"
      ]
     },
     "execution_count": 15,
     "metadata": {},
     "output_type": "execute_result"
    },
    {
     "data": {
